db_id,original_sql,rewritten_sql_gpt,activated_rules_gpt,prompt_sql_similar,prompt_rules_similar
rewritebench_perf_0008,"-- PERF_0008 source layer
-- Source registry row: SRC_001 (TPC-H)
-- Raw source file: datasets/raw/tpch/TPC-H V3.0.1/dbgen/queries/3.sql
-- Seed: TPC-H Query 3, Shipping Priority Query
-- Freeze method: manual freeze because local qgen executable was not present.
-- Reference substitution file: datasets/raw/tpch/TPC-H V3.0.1/ref_data/1/subparam_3
-- Substitutions: :1 = MACHINERY :2 = 1995-03-27 :n 10 = LIMIT 10.
-- No execution, equivalence, rewrite, or validation claim is made by this file.

-- TPC-H/TPC-R Shipping Priority Query (Q3)
select
	l_orderkey,
	sum(l_extendedprice * (1 - l_discount)) as revenue,
	o_orderdate,
	o_shippriority
from
	customer,
	orders,
	lineitem
where
	c_mktsegment = 'MACHINERY'
	and c_custkey = o_custkey
	and l_orderkey = o_orderkey
	and o_orderdate < date '1995-03-27'
	and l_shipdate > date '1995-03-27'
group by
	l_orderkey,
	o_orderdate,
	o_shippriority
order by
	revenue desc,
	o_orderdate
limit 10;","select 	l_orderkey, 	sum(l_extendedprice * (1 - l_discount)) as revenue, 	o_orderdate, 	o_shippriority from 	customer, 	orders, 	lineitem where 	c_mktsegment = 'MACHINERY' 	and c_custkey = o_custkey 	and l_orderkey = o_orderkey 	and o_orderdate < date '1995-03-27' 	and l_shipdate > date '1995-03-27' group by 	l_orderkey, 	o_orderdate, 	o_shippriority order by 	revenue desc, 	o_orderdate limit 10",[],"[""with wss as (select d_week_seq,  ss_store_sk,  sum(case when (d_day_name='Sunday') then ss_sales_price else null end) sun_sales,  sum(case when (d_day_name='Monday') then ss_sales_price else null end) mon_sales,  sum(case when (d_day_name='Tuesday') then ss_sales_price else null end) tue_sales,  sum(case when (d_day_name='Wednesday') then ss_sales_price else null end) wed_sales,  sum(case when (d_day_name='Thursday') then ss_sales_price else null end) thu_sales,  sum(case when (d_day_name='Friday') then ss_sales_price else null end) fri_sales,  sum(case when (d_day_name='Saturday') then ss_sales_price else null end) sat_sales from store_sales,date_dim where d_date_sk = ss_sold_date_sk and ss_sales_price / ss_list_price BETWEEN 100 * 0.01 AND 120 * 0.01 group by d_week_seq,ss_store_sk ) select s_store_name1,s_store_id1,d_week_seq1  ,sun_sales1/sun_sales2,mon_sales1/mon_sales2  ,tue_sales1/tue_sales2,wed_sales1/wed_sales2,thu_sales1/thu_sales2  ,fri_sales1/fri_sales2,sat_sales1/sat_sales2 from (select s_store_name s_store_name1,wss.d_week_seq d_week_seq1  ,s_store_id s_store_id1,sun_sales sun_sales1  ,mon_sales mon_sales1,tue_sales tue_sales1  ,wed_sales wed_sales1,thu_sales thu_sales1  ,fri_sales fri_sales1,sat_sales sat_sales1 from wss,store,date_dim d where d.d_week_seq = wss.d_week_seq and  ss_store_sk = s_store_sk and  d_month_seq between 1195 and 1195 + 11  and s_state in ('CA','IN','KS'   ,'KY','LA','MO','SC','SD')  ) y, (select s_store_name s_store_name2,wss.d_week_seq d_week_seq2  ,s_store_id s_store_id2,sun_sales sun_sales2  ,mon_sales mon_sales2,tue_sales tue_sales2  ,wed_sales wed_sales2,thu_sales thu_sales2  ,fri_sales fri_sales2,sat_sales sat_sales2 from wss,store,date_dim d where d.d_week_seq = wss.d_week_seq and  ss_store_sk = s_store_sk and  d_month_seq between 1195+ 12 and 1195 + 23  and s_state in ('CA','IN','KS'   ,'KY','LA','MO','SC','SD')) x where s_store_id1=s_store_id2 and d_week_seq1=d_week_seq2-52 order by s_store_name1,s_store_id1,d_week_seq1 limit 100 ;""]","[""['Empty List']""]"
