10	ACCOUNTING	NEW YORK
20	RESEARCH	DALLAS
40	OPERATIONS	BOSTON
